0.025
0.09869
0.1104
0.1119
0.0375
0.0625
0.1103
0.09995
0.07415
0.04708
0.06066
0.1113
0.0875
0.07392
0.09866
0.1363
0.1358
0.145
0.1351
0.1369
0.0852
0.1362
0.172
0.1836
0.222
0.1958
0.1942
0.1721
0.2209
0.2542
0.2434
0.2539
0.182
0.2185
0.2743
0.2385
0.3372
0.2771
0.3028
0.2792
0.3339
0.3235
0.2298
0.3366
0.3252
0.2889
0.3132
0.4192
0.3234
0.3704
0.3832
0.4074
0.3811
0.4185
0.374
0.421
0.3837
0.3967
0.4173
0.4049
0.4432
0.3469
0.4655
0.3813
0.441
0.3665
0.4385
0.4145
0.4771
0.3437
0.3677
0.4031
0.4164
0.4027
0.3453
0.4568
0.3811
0.4406
0.4067
